RUNNING THE L-BFGS-B CODE

it    = iteration number
nf    = number of function evaluations
nseg  = number of segments explored during the Cauchy search
nact  = number of active bounds at the generalized Cauchy point
sub   = manner in which the subspace minimization terminated:
        con = converged, bnd = a bound was reached
itls  = number of iterations performed in the line search
stepl = step length used
tstep = norm of the displacement (total step)
projg = norm of the projected gradient
f     = function value

           * * *

Machine precision = 2.220D-16
 N =           15     M =           10

   it   nf  nseg  nact  sub  itls  stepl    tstep     projg        f
    0    1     -     -   -     -     -        -     1.264D+06  4.583D+05
    1    3     1     0  ---    1  1.8D-07  4.6D-01  5.063D+05  1.408D+05
    2    4     0     0  con    0  1.0D+00  1.3D-01  1.704D+05  7.266D+04
    3    5     0     0  con    0  1.0D+00  9.9D-02  9.344D+04  4.925D+04
    4    6     0     0  con    0  1.0D+00  1.6D-01  5.413D+04  2.912D+04
    5    7     0     0  con    0  1.0D+00  1.7D-01  3.170D+04  1.764D+04
    6    8     0     0  con    0  1.0D+00  2.0D-01  1.799D+04  1.068D+04
    7    9     0     0  con    0  1.0D+00  2.1D-01  1.018D+04  6.835D+03
    8   10     0     0  con    0  1.0D+00  2.2D-01  8.083D+03  4.801D+03
    9   11     0     0  con    0  1.0D+00  2.1D-01  7.973D+03  3.882D+03
   10   12     0     0  con    0  1.0D+00  1.5D-01  7.705D+03  3.540D+03
   11   13     0     0  con    0  1.0D+00  1.2D-01  7.504D+03  3.346D+03
   12   15     0     0  con    1  4.0D-01  1.5D-01  7.235D+02  2.686D+03
   13   16     0     0  con    0  1.0D+00  1.2D-01  5.841D+02  2.599D+03
   14   17     0     0  con    0  1.0D+00  9.9D-02  6.217D+02  2.565D+03
   15   18     0     0  con    0  1.0D+00  4.6D-02  2.951D+02  2.545D+03
   16   19     0     0  con    0  1.0D+00  5.9D-02  2.764D+02  2.531D+03
   17   20     0     0  con    0  1.0D+00  5.3D-02  2.849D+02  2.522D+03
   18   21     0     0  con    0  1.0D+00  1.2D-01  1.927D+02  2.506D+03
   19   23     0     0  con    1  5.0D-01  1.2D-01  2.719D+02  2.497D+03
   20   24     0     0  con    0  1.0D+00  1.1D-01  5.955D+01  2.489D+03
   21   25     0     0  con    0  1.0D+00  1.3D-02  1.686D+01  2.488D+03
   22   26     0     0  con    0  1.0D+00  7.3D-03  1.154D+01  2.488D+03
   23   27     0     0  con    0  1.0D+00  6.9D-03  1.517D+01  2.488D+03
   24   28     0     0  con    0  1.0D+00  4.9D-02  7.342D+01  2.488D+03
   25   29     0     0  con    0  1.0D+00  4.6D-02  6.764D+01  2.487D+03
   26   30     0     0  con    0  1.0D+00  7.1D-02  1.245D+02  2.486D+03
   27   31     0     0  con    0  1.0D+00  2.8D-01  1.757D+02  2.483D+03
   28   32     0     0  con    0  1.0D+00  4.1D-01  2.979D+02  2.478D+03
   29   33     0     0  con    0  1.0D+00  2.5D+00  4.802D+02  2.455D+03
   30   34     0     0  con    0  1.0D+00  4.0D+00  9.777D+02  2.422D+03
   31   35     0     0  con    0  1.0D+00  3.7D+00  6.940D+02  2.379D+03
   32   36     0     0  con    0  1.0D+00  2.9D+00  2.682D+02  2.336D+03
   33   37     0     0  con    0  1.0D+00  2.0D+00  1.721D+02  2.332D+03
   34   38     0     0  con    0  1.0D+00  4.7D-01  3.346D+01  2.329D+03
   35   39     0     0  con    0  1.0D+00  2.5D-01  8.591D+00  2.329D+03
   36   40     0     0  con    0  1.0D+00  2.3D-02  7.718D+00  2.329D+03
   37   41     0     0  con    0  1.0D+00  2.7D-02  4.192D+01  2.329D+03
   38   42     0     0  con    0  1.0D+00  1.4D-02  1.716D+01  2.329D+03
   39   43     0     0  con    0  1.0D+00  2.1D-02  9.273D+00  2.329D+03
   40   44     0     0  con    0  1.0D+00  4.2D-02  1.545D+01  2.329D+03
   41   45     0     0  con    0  1.0D+00  2.5D-02  1.959D+01  2.329D+03
   42   46     0     0  con    0  1.0D+00  2.7D-02  3.353D+01  2.329D+03
   43   47     0     0  con    0  1.0D+00  4.4D-02  2.181D+01  2.329D+03
   44   48     0     0  con    0  1.0D+00  3.6D-02  2.236D+01  2.328D+03
   45   49     0     0  con    0  1.0D+00  1.8D-01  7.350D+01  2.327D+03
   46   50     0     0  con    0  1.0D+00  2.7D-01  1.233D+02  2.326D+03
   47   51     0     0  con    0  1.0D+00  8.7D-01  2.041D+02  2.321D+03
   48   52     0     0  con    0  1.0D+00  2.0D+00  2.802D+02  2.310D+03
   49   53     0     0  con    0  1.0D+00  5.4D+00  1.149D+03  2.296D+03
   50   54     0     0  con    0  1.0D+00  4.7D+00  6.427D+02  2.268D+03
   51   55     0     0  con    0  1.0D+00  8.1D+00  1.434D+02  2.232D+03
   52   56     0     0  con    0  1.0D+00  8.1D+00  1.994D+02  2.212D+03
   53   57     0     0  con    0  1.0D+00  5.8D+00  1.099D+02  2.202D+03
   54   58     0     0  con    0  1.0D+00  6.7D+00  2.977D+02  2.199D+03
   55   59     0     0  con    0  1.0D+00  1.0D+00  1.331D+02  2.194D+03
   56   60     0     0  con    0  1.0D+00  1.3D+00  1.576D+02  2.190D+03
   57   61     0     0  con    0  1.0D+00  3.0D+00  2.568D+02  2.184D+03
   58   62     0     0  con    0  1.0D+00  5.6D+00  2.978D+02  2.174D+03
   59   63     0     0  con    0  1.0D+00  1.7D+01  3.557D+02  2.152D+03
   60   65     0     0  con    1  4.8D-01  1.5D+01  3.728D+02  2.141D+03
   61   66     0     0  con    0  1.0D+00  1.7D+01  2.899D+02  2.129D+03
   62   67     0     0  con    0  1.0D+00  1.4D+01  2.610D+02  2.124D+03
   63   68     0     0  con    0  1.0D+00  8.0D-01  1.115D+02  2.123D+03
   64   69     0     0  con    0  1.0D+00  2.2D+00  1.075D+02  2.122D+03
   65   70     0     0  con    0  1.0D+00  4.6D+00  1.246D+02  2.121D+03
   66   71     0     0  con    0  1.0D+00  5.7D+00  1.224D+02  2.120D+03
   67   72     0     0  con    0  1.0D+00  5.7D+00  6.750D+01  2.119D+03
   68   73     0     0  con    0  1.0D+00  2.6D+00  2.517D+01  2.118D+03
   69   74     0     0  con    0  1.0D+00  9.6D-01  3.473D+00  2.118D+03
   70   75     0     0  con    0  1.0D+00  2.1D-01  1.856D+00  2.118D+03
   71   76     0     0  con    0  1.0D+00  2.1D-01  2.100D+00  2.118D+03
   72   77     0     0  con    0  1.0D+00  4.3D-01  8.274D+00  2.118D+03
   73   78     0     0  con    0  1.0D+00  3.1D-01  3.505D+00  2.118D+03
   74   79     0     0  con    0  1.0D+00  5.5D-01  2.672D+00  2.118D+03
   75   80     0     0  con    0  1.0D+00  4.6D-01  6.424D+00  2.118D+03
   76   81     0     0  con    0  1.0D+00  7.0D-01  3.810D+00  2.118D+03
   77   82     0     0  con    0  1.0D+00  1.3D-01  3.217D+00  2.118D+03
   78   83     0     0  con    0  1.0D+00  1.3D-01  3.171D+00  2.118D+03
   79   84     0     0  con    0  1.0D+00  2.7D-01  3.375D+00  2.118D+03
   80   85     0     0  con    0  1.0D+00  6.5D-01  1.205D+01  2.118D+03
   81   86     0     0  con    0  1.0D+00  1.4D-01  1.258D+00  2.118D+03
   82   87     0     0  con    0  1.0D+00  4.5D-02  9.655D-01  2.118D+03
   83   88     0     0  con    0  1.0D+00  8.2D-02  8.446D-01  2.118D+03
   84   90     0     0  con    1  4.2D-01  1.5D-02  9.041D-01  2.118D+03
   85   92     0     0  con    1  5.0D+00  1.6D-02  1.308D+00  2.118D+03
   86   93     0     0  con    0  1.0D+00  1.3D-01  3.460D+00  2.118D+03
   87   94     0     0  con    0  1.0D+00  2.5D-01  4.749D+00  2.118D+03
   88   95     0     0  con    0  1.0D+00  7.9D-01  8.557D+00  2.118D+03
   89   96     0     0  con    0  1.0D+00  1.1D+00  7.666D+00  2.118D+03
   90   97     0     0  con    0  1.0D+00  1.4D+00  5.076D+00  2.118D+03
   91   98     0     0  con    0  1.0D+00  1.8D+00  1.033D+01  2.118D+03
   92   99     0     0  con    0  1.0D+00  4.4D-01  1.238D+01  2.118D+03
   93  100     0     0  con    0  1.0D+00  3.1D-01  9.853D+00  2.118D+03
   94  101     0     0  con    0  1.0D+00  6.3D-01  1.550D+01  2.118D+03
   95  102     0     0  con    0  1.0D+00  1.2D+00  1.525D+01  2.118D+03
   96  104     0     0  con    1  9.6D-02  7.4D-01  5.085D+01  2.118D+03
   97  105     0     0  con    0  1.0D+00  2.6D+00  3.435D+01  2.118D+03
   98  106     0     0  con    0  1.0D+00  4.5D+00  1.807D+01  2.117D+03
   99  107     0     0  con    0  1.0D+00  3.7D+00  3.189D+01  2.117D+03
  100  108     0     0  con    0  1.0D+00  3.4D+00  4.534D+01  2.116D+03
  101  109     0     0  con    0  1.0D+00  1.4D+00  5.376D+01  2.115D+03
  102  110     0     0  con    0  1.0D+00  1.7D+00  5.854D+01  2.115D+03
  103  111     0     0  con    0  1.0D+00  3.5D+00  1.062D+02  2.113D+03
  104  112     0     0  con    0  1.0D+00  5.1D+00  1.765D+02  2.112D+03
  105  113     0     0  con    0  1.0D+00  1.4D+00  6.986D+01  2.111D+03
  106  114     0     0  con    0  1.0D+00  1.1D+00  4.093D+01  2.110D+03
  107  115     0     0  con    0  1.0D+00  1.9D+00  9.631D+01  2.110D+03
  108  116     0     0  con    0  1.0D+00  2.8D+00  4.529D+01  2.109D+03
  109  117     0     0  con    0  1.0D+00  2.1D+00  3.726D+01  2.108D+03
  110  118     0     0  con    0  1.0D+00  1.2D+01  1.279D+02  2.107D+03
  111  120     0     0  con    1  4.8D-01  2.9D+00  4.683D+01  2.106D+03
  112  121     0     0  con    0  1.0D+00  7.9D-01  2.290D+01  2.105D+03
  113  122     0     0  con    0  1.0D+00  5.1D-01  1.782D+01  2.105D+03
  114  123     0     0  con    0  1.0D+00  1.0D+00  1.496D+01  2.105D+03
  115  124     0     0  con    0  1.0D+00  1.1D+00  1.727D+01  2.105D+03
  116  125     0     0  con    0  1.0D+00  3.5D+00  5.470D+01  2.105D+03
  117  126     0     0  con    0  1.0D+00  3.0D+00  3.297D+01  2.105D+03
  118  127     0     0  con    0  1.0D+00  7.5D+00  2.872D+01  2.104D+03
  119  128     0     0  con    0  1.0D+00  2.0D+01  9.469D+01  2.103D+03
  120  129     0     0  con    0  1.0D+00  1.6D+01  4.495D+01  2.102D+03
  121  130     0     0  con    0  1.0D+00  5.2D-01  2.550D+01  2.101D+03
  122  131     0     0  con    0  1.0D+00  1.2D+00  2.352D+01  2.101D+03
  123  133     0     0  con    1  3.2D-01  6.5D-01  2.260D+01  2.101D+03
  124  134     0     0  con    0  1.0D+00  8.1D-01  1.187D+01  2.101D+03
  125  135     0     0  con    0  1.0D+00  9.9D-01  8.862D+00  2.101D+03
  126  136     0     0  con    0  1.0D+00  7.1D-02  6.335D+00  2.101D+03
  127  137     0     0  con    0  1.0D+00  1.1D+00  2.683D+01  2.101D+03
  128  138     0     0  con    0  1.0D+00  4.9D-01  5.306D+00  2.101D+03
  129  139     0     0  con    0  1.0D+00  2.0D-01  3.699D+00  2.101D+03
  130  140     0     0  con    0  1.0D+00  5.6D-01  2.194D+00  2.101D+03
  131  142     0     0  con    1  5.2D-01  6.2D-02  1.325D+00  2.101D+03
  132  143     0     0  con    0  1.0D+00  6.6D-02  9.666D-01  2.101D+03
  133  144     0     0  con    0  1.0D+00  3.9D-02  1.364D+00  2.101D+03
  134  145     0     0  con    0  1.0D+00  6.2D-02  1.971D+00  2.101D+03
  135  146     0     0  con    0  1.0D+00  1.7D-01  1.798D+00  2.101D+03
  136  148     0     0  con    1  3.9D-01  1.6D-01  2.527D+00  2.101D+03
  137  149     0     0  con    0  1.0D+00  1.3D-01  7.914D-01  2.101D+03
  138  150     0     0  con    0  1.0D+00  9.2D-02  4.919D-01  2.101D+03
  139  151     0     0  con    0  1.0D+00  4.4D-02  5.009D-01  2.101D+03
  140  152     0     0  con    0  1.0D+00  1.5D-01  1.461D+00  2.101D+03
  141  154     0     0  con    1  4.6D-01  6.5D-02  3.704D-01  2.101D+03
  142  155     0     0  con    0  1.0D+00  1.6D-03  1.836D-01  2.101D+03
  143  156     0     0  con    0  1.0D+00  3.4D-03  1.834D-01  2.101D+03
  144  157     0     0  con    0  1.0D+00  1.9D-03  2.839D-01  2.101D+03
  145  158     0     0  con    0  1.0D+00  2.1D-02  6.258D-01  2.101D+03
  146  159     0     0  con    0  1.0D+00  5.8D-02  1.010D+00  2.101D+03
  147  160     0     0  con    0  1.0D+00  1.7D-01  1.752D+00  2.101D+03
  148  161     0     0  con    0  1.0D+00  2.8D-01  1.288D+00  2.101D+03
  149  163     0     0  con    1  4.9D-01  2.2D-01  2.539D+00  2.101D+03
  150  164     0     0  con    0  1.0D+00  1.2D-01  9.702D-01  2.101D+03
  151  165     0     0  con    0  1.0D+00  2.9D-02  5.648D-01  2.101D+03
  152  166     0     0  con    0  1.0D+00  8.3D-03  5.170D-01  2.101D+03
  153  167     0     0  con    0  1.0D+00  1.6D-02  1.824D+00  2.101D+03
  154  168     0     0  con    0  1.0D+00  2.0D-02  4.230D-01  2.101D+03
  155  169     0     0  con    0  1.0D+00  1.1D-02  2.195D-01  2.101D+03
  156  170     0     0  con    0  1.0D+00  1.3D-02  2.040D-01  2.101D+03
  157  171     0     0  con    0  1.0D+00  1.5D-02  2.823D-01  2.101D+03
  158  172     0     0  con    0  1.0D+00  2.0D-02  4.410D-01  2.101D+03
  159  173     0     0  con    0  1.0D+00  4.4D-02  4.334D-01  2.101D+03
  160  175     0     0  con    1  2.6D-01  3.2D-02  7.606D-01  2.101D+03
  161  176     0     0  con    0  1.0D+00  6.6D-02  3.341D-01  2.101D+03
  162  177     0     0  con    0  1.0D+00  6.8D-02  7.041D-01  2.101D+03
  163  178     0     0  con    0  1.0D+00  5.0D-02  4.634D-01  2.101D+03
  164  179     0     0  con    0  1.0D+00  8.0D-02  6.958D-01  2.101D+03
  165  180     0     0  con    0  1.0D+00  1.3D-01  2.992D+00  2.101D+03
  166  181     0     0  con    0  1.0D+00  7.2D-02  5.862D-01  2.101D+03
  167  182     0     0  con    0  1.0D+00  5.3D-03  6.817D-01  2.101D+03
  168  183     0     0  con    0  1.0D+00  6.3D-03  1.372D+00  2.101D+03
  169  184     0     0  con    0  1.0D+00  1.8D-02  2.327D+00  2.101D+03
  170  185     0     0  con    0  1.0D+00  7.6D-02  3.625D+00  2.101D+03
  171  186     0     0  con    0  1.0D+00  2.3D-01  5.021D+00  2.101D+03
  172  187     0     0  con    0  1.0D+00  5.8D-01  6.038D+00  2.101D+03
  173  188     0     0  con    0  1.0D+00  1.5D+00  1.757D+01  2.101D+03
  174  189     0     0  con    0  1.0D+00  4.7D-01  6.161D+00  2.101D+03
  175  190     0     0  con    0  1.0D+00  3.4D-01  5.588D+00  2.101D+03
  176  191     0     0  con    0  1.0D+00  4.0D-01  2.800D+00  2.101D+03
  177  192     0     0  con    0  1.0D+00  1.5D-01  1.810D+00  2.101D+03
  178  193     0     0  con    0  1.0D+00  3.1D-01  6.378D+00  2.101D+03
  179  194     0     0  con    0  1.0D+00  4.3D-01  3.454D+00  2.101D+03
  180  195     0     0  con    0  1.0D+00  2.4D-01  3.747D+00  2.101D+03
  181  196     0     0  con    0  1.0D+00  8.9D-01  4.689D+00  2.101D+03
  182  197     0     0  con    0  1.0D+00  1.8D-01  8.066D+00  2.101D+03
  183  198     0     0  con    0  1.0D+00  1.6D-01  2.828D+00  2.101D+03
  184  199     0     0  con    0  1.0D+00  1.7D-01  1.211D+00  2.101D+03
  185  200     0     0  con    0  1.0D+00  2.0D-01  1.058D+00  2.101D+03
  186  201     0     0  con    0  1.0D+00  2.0D-01  1.477D+00  2.101D+03
  187  202     0     0  con    0  1.0D+00  3.0D-01  2.660D+00  2.101D+03
  188  203     0     0  con    0  1.0D+00  7.4D-01  2.694D+00  2.101D+03
  189  204     0     0  con    0  1.0D+00  2.5D-01  2.658D+00  2.101D+03
  190  205     0     0  con    0  1.0D+00  2.4D-01  2.175D+00  2.101D+03
  191  206     0     0  con    0  1.0D+00  4.7D-02  7.078D-01  2.101D+03
  192  207     0     0  con    0  1.0D+00  2.4D-02  9.964D-01  2.101D+03
  193  208     0     0  con    0  1.0D+00  5.3D-02  1.196D+00  2.101D+03
  194  209     0     0  con    0  1.0D+00  1.5D-01  9.249D-01  2.101D+03
  195  210     0     0  con    0  1.0D+00  9.2D-02  5.047D-01  2.101D+03
  196  211     0     0  con    0  1.0D+00  7.0D-02  2.677D-01  2.101D+03
  197  212     0     0  con    0  1.0D+00  4.0D-02  5.007D-01  2.101D+03
  198  213     0     0  con    0  1.0D+00  3.2D-02  7.760D-01  2.101D+03
  199  214     0     0  con    0  1.0D+00  3.3D-02  1.048D+00  2.101D+03
  200  215     0     0  con    0  1.0D+00  4.4D-02  1.610D+00  2.101D+03
  201  216     0     0  con    0  1.0D+00  5.8D-02  6.277D+00  2.101D+03
  202  217     0     0  con    0  1.0D+00  8.1D-02  3.736D+00  2.101D+03
  203  218     0     0  con    0  1.0D+00  3.1D-01  3.329D+00  2.101D+03
  204  219     0     0  con    0  1.0D+00  1.2D-01  1.178D+01  2.101D+03
  205  220     0     0  con    0  1.0D+00  7.7D-01  2.570D+00  2.101D+03
  206  221     0     0  con    0  1.0D+00  9.7D-02  1.563D+00  2.101D+03
  207  222     0     0  con    0  1.0D+00  2.7D-01  1.450D+00  2.101D+03
  208  223     0     0  con    0  1.0D+00  2.2D-01  4.188D+00  2.101D+03
  209  224     0     0  con    0  1.0D+00  4.0D-01  3.148D+00  2.101D+03
  210  225     0     0  con    0  1.0D+00  5.6D-01  8.068D+00  2.101D+03
  211  226     0     0  con    0  1.0D+00  2.3D-01  2.168D+00  2.101D+03
  212  227     0     0  con    0  1.0D+00  2.1D-01  1.660D+00  2.101D+03
  213  228     0     0  con    0  1.0D+00  8.0D-01  1.843D+00  2.101D+03
  214  230     0     0  con    1  3.5D-01  1.3D-01  8.844D+00  2.101D+03
  215  231     0     0  con    0  1.0D+00  1.4D-01  7.639D+00  2.101D+03
  216  232     0     0  con    0  1.0D+00  8.9D-01  2.435D+00  2.101D+03
  217  234     0     0  con    1  4.4D-01  5.8D-02  4.676D+00  2.101D+03
  218  235     0     0  con    0  1.0D+00  1.3D-01  1.705D+00  2.101D+03
  219  236     0     0  con    0  1.0D+00  9.3D-03  3.896D-01  2.101D+03
  220  237     0     0  con    0  1.0D+00  4.2D-03  3.878D-01  2.101D+03
  221  238     0     0  con    0  1.0D+00  1.4D-02  5.305D-01  2.101D+03
  222  239     0     0  con    0  1.0D+00  7.4D-02  1.108D+00  2.101D+03
  223  240     0     0  con    0  1.0D+00  2.1D-01  1.884D+00  2.101D+03
  224  241     0     0  con    0  1.0D+00  5.7D-01  3.234D+00  2.101D+03
  225  242     0     0  con    0  1.0D+00  6.1D-01  3.479D+00  2.101D+03
  226  243     0     0  con    0  1.0D+00  1.0D+00  2.817D+00  2.101D+03
  227  245     0     0  con    1  4.7D-01  6.3D-01  5.734D+00  2.101D+03
  228  246     0     0  con    0  1.0D+00  1.3D-01  1.004D+00  2.101D+03
  229  247     0     0  con    0  1.0D+00  6.0D-02  8.736D-01  2.101D+03
  230  248     0     0  con    0  1.0D+00  6.9D-02  1.549D+00  2.101D+03
  231  249     0     0  con    0  1.0D+00  4.5D-02  2.963D+00  2.101D+03
  232  250     0     0  con    0  1.0D+00  2.5D-02  2.952D+00  2.101D+03
  233  251     0     0  con    0  1.0D+00  2.9D-02  3.657D+00  2.101D+03
  234  252     0     0  con    0  1.0D+00  4.0D-02  2.663D+00  2.101D+03
  235  253     0     0  con    0  1.0D+00  1.4D-01  4.069D+00  2.101D+03
  236  255     0     0  con    1  3.9D-01  7.1D-02  4.609D+00  2.101D+03
  237  256     0     0  con    0  1.0D+00  1.9D-01  3.925D+00  2.101D+03
  238  257     0     0  con    0  1.0D+00  4.8D-02  3.653D+00  2.101D+03
  239  258     0     0  con    0  1.0D+00  2.5D-01  7.499D+00  2.101D+03
  240  259     0     0  con    0  1.0D+00  5.6D-01  2.381D+01  2.101D+03
  241  260     0     0  con    0  1.0D+00  7.8D-02  1.070D+01  2.101D+03
  242  261     0     0  con    0  1.0D+00  3.3D-01  1.264D+01  2.101D+03
  243  262     0     0  con    0  1.0D+00  2.5D-01  1.582D+01  2.101D+03
  244  263     0     0  con    0  1.0D+00  4.7D-01  3.353D+01  2.101D+03
  245  264     0     0  con    0  1.0D+00  3.0D-01  1.569D+01  2.101D+03
  246  265     0     0  con    0  1.0D+00  1.2D+00  1.490D+01  2.100D+03
  247  266     0     0  con    0  1.0D+00  2.2D+00  2.821D+01  2.100D+03
  248  267     0     0  con    0  1.0D+00  4.5D+00  4.963D+01  2.100D+03
  249  268     0     0  con    0  1.0D+00  1.1D+01  1.125D+02  2.100D+03
  250  269     0     0  con    0  1.0D+00  2.2D+00  5.575D+01  2.099D+03
  251  270     0     0  con    0  1.0D+00  1.8D+00  2.949D+01  2.099D+03
  252  271     0     0  con    0  1.0D+00  2.6D+00  2.218D+01  2.099D+03
  253  272     0     0  con    0  1.0D+00  5.8D+00  1.129D+02  2.099D+03
  254  273     0     0  con    0  1.0D+00  1.0D+00  4.376D+01  2.099D+03
  255  274     0     0  con    0  1.0D+00  1.1D+00  1.949D+01  2.098D+03
  256  275     0     0  con    0  1.0D+00  3.6D+00  4.721D+01  2.098D+03
  257  276     0     0  con    0  1.0D+00  3.1D+00  3.775D+01  2.098D+03
  258  278     0     0  con    1  2.1D-01  3.5D+00  7.716D+01  2.098D+03
  259  279     0     0  con    0  1.0D+00  3.6D+00  2.677D+01  2.098D+03
  260  280     0     0  con    0  1.0D+00  1.9D+00  1.623D+01  2.098D+03
  261  281     0     0  con    0  1.0D+00  9.5D-01  1.830D+01  2.097D+03
  262  282     0     0  con    0  1.0D+00  1.6D+00  2.785D+01  2.097D+03
  263  283     0     0  con    0  1.0D+00  4.4D+00  5.620D+01  2.097D+03
  264  284     0     0  con    0  1.0D+00  9.8D+00  7.944D+01  2.096D+03
  265  285     0     0  con    0  1.0D+00  2.3D+01  2.486D+02  2.095D+03
  266  286     0     0  con    0  1.0D+00  1.8D+01  1.077D+02  2.094D+03
  267  287     0     0  con    0  1.0D+00  1.4D+01  5.213D+01  2.092D+03
  268  288     0     0  con    0  1.0D+00  8.2D+00  2.154D+01  2.092D+03
  269  289     0     0  con    0  1.0D+00  6.5D+00  2.076D+01  2.091D+03
  270  290     0     0  con    0  1.0D+00  5.8D-01  4.041D+01  2.091D+03
  271  291     0     0  con    0  1.0D+00  3.5D-01  1.156D+01  2.091D+03
  272  292     0     0  con    0  1.0D+00  5.6D-02  6.376D+00  2.091D+03
  273  293     0     0  con    0  1.0D+00  2.7D-01  1.460D+01  2.091D+03
  274  294     0     0  con    0  1.0D+00  7.3D-01  1.500D+01  2.091D+03
  275  295     0     0  con    0  1.0D+00  3.3D+00  2.794D+01  2.091D+03
  276  296     0     0  con    0  1.0D+00  9.7D+00  7.251D+01  2.091D+03
  277  297     0     0  con    0  1.0D+00  4.6D+00  3.844D+01  2.091D+03
  278  298     0     0  con    0  1.0D+00  8.2D+00  4.353D+01  2.090D+03
  279  299     0     0  con    0  1.0D+00  9.5D+00  4.573D+01  2.090D+03
  280  300     0     0  con    0  1.0D+00  1.6D+01  6.483D+01  2.090D+03
  281  302     0     0  con    1  4.7D-01  4.7D+00  3.321D+01  2.090D+03
  282  303     0     0  con    0  1.0D+00  1.0D+00  1.891D+01  2.090D+03
  283  304     0     0  con    0  1.0D+00  3.6D-01  8.838D+00  2.090D+03
  284  305     0     0  con    0  1.0D+00  1.4D+00  1.277D+01  2.090D+03
  285  306     0     0  con    0  1.0D+00  2.7D+00  1.103D+01  2.090D+03
  286  308     0     0  con    1  4.4D-01  1.3D+00  1.607D+01  2.090D+03
  287  309     0     0  con    0  1.0D+00  1.1D+00  8.945D+00  2.090D+03
  288  310     0     0  con    0  1.0D+00  3.8D+00  8.213D+00  2.090D+03
  289  311     0     0  con    0  1.0D+00  2.4D+00  2.550D+01  2.090D+03
  290  312     0     0  con    0  1.0D+00  4.0D+00  7.719D+00  2.090D+03
  291  313     0     0  con    0  1.0D+00  4.2D-01  5.186D+00  2.090D+03
  292  314     0     0  con    0  1.0D+00  2.6D-01  1.613D+01  2.090D+03
  293  315     0     0  con    0  1.0D+00  1.0D-01  7.442D+00  2.090D+03
  294  316     0     0  con    0  1.0D+00  4.9D-01  4.372D+00  2.090D+03
  295  317     0     0  con    0  1.0D+00  8.4D-01  6.876D+00  2.090D+03
  296  318     0     0  con    0  1.0D+00  1.0D+00  8.445D+00  2.090D+03
  297  319     0     0  con    0  1.0D+00  1.4D+00  8.170D+00  2.090D+03
  298  321     0     0  con    1  3.5D-01  6.4D-01  9.323D+00  2.090D+03
  299  322     0     0  con    0  1.0D+00  2.4D-02  3.716D+00  2.090D+03
  300  323     0     0  con    0  1.0D+00  2.2D-01  2.904D+00  2.090D+03
  301  324     0     0  con    0  1.0D+00  8.9D-02  3.851D+00  2.090D+03
  302  325     0     0  con    0  1.0D+00  2.0D-01  7.861D+00  2.090D+03
  303  326     0     0  con    0  1.0D+00  7.4D-01  7.518D+00  2.090D+03
  304  328     0     0  con    1  1.4D-01  8.0D-01  1.672D+01  2.090D+03
  305  329     0     0  con    0  1.0D+00  1.3D+00  1.103D+01  2.090D+03
  306  330     0     0  con    0  1.0D+00  1.5D+00  3.172D+00  2.090D+03
  307  331     0     0  con    0  1.0D+00  4.6D-01  2.982D+00  2.090D+03
  308  332     0     0  con    0  1.0D+00  3.6D-02  2.620D+00  2.090D+03
  309  333     0     0  con    0  1.0D+00  3.4D-01  4.434D+00  2.090D+03
  310  334     0     0  con    0  1.0D+00  5.2D-01  2.654D+00  2.090D+03
  311  335     0     0  con    0  1.0D+00  9.9D-01  2.704D+00  2.090D+03
  312  336     0     0  con    0  1.0D+00  2.2D+00  7.724D+00  2.090D+03
  313  337     0     0  con    0  1.0D+00  2.1D+00  5.120D+00  2.090D+03
  314  338     0     0  con    0  1.0D+00  3.9D-01  2.309D+00  2.090D+03
  315  339     0     0  con    0  1.0D+00  1.6D-01  1.588D+00  2.090D+03
  316  341     0     0  con    1  4.1D-01  2.4D-01  2.332D+00  2.090D+03
  317  342     0     0  con    0  1.0D+00  2.2D-01  1.493D+00  2.090D+03
  318  343     0     0  con    0  1.0D+00  5.4D-01  1.152D+00  2.090D+03
  319  344     0     0  con    0  1.0D+00  4.4D-01  1.684D+00  2.090D+03
  320  345     0     0  con    0  1.0D+00  3.4D-01  1.416D+00  2.090D+03
  321  347     0     0  con    1  2.6D-01  1.7D-01  1.594D+00  2.090D+03
  322  348     0     0  con    0  1.0D+00  1.1D-01  4.952D-01  2.090D+03
  323  349     0     0  con    0  1.0D+00  9.9D-02  2.180D-01  2.090D+03
  324  350     0     0  con    0  1.0D+00  8.9D-02  2.816D-01  2.090D+03
  325  351     0     0  con    0  1.0D+00  1.2D-01  6.596D-01  2.090D+03
  326  352     0     0  con    0  1.0D+00  2.4D-01  1.169D+00  2.090D+03
  327  353     0     0  con    0  1.0D+00  2.7D-01  4.605D+00  2.090D+03
  328  354     0     0  con    0  1.0D+00  1.4D-01  2.917D+00  2.090D+03
  329  355     0     0  con    0  1.0D+00  1.8D-01  1.026D+00  2.090D+03
  330  356     0     0  con    0  1.0D+00  2.2D-01  2.733D+00  2.090D+03
  331  357     0     0  con    0  1.0D+00  2.7D-01  2.781D+00  2.090D+03
  332  358     0     0  con    0  1.0D+00  8.3D-01  4.225D+00  2.090D+03
  333  359     0     0  con    0  1.0D+00  1.6D+00  7.356D+00  2.090D+03
  334  360     0     0  con    0  1.0D+00  3.3D-01  4.722D+00  2.090D+03
  335  361     0     0  con    0  1.0D+00  3.1D-01  3.406D+00  2.090D+03
  336  362     0     0  con    0  1.0D+00  5.0D-02  4.322D+00  2.090D+03
  337  363     0     0  con    0  1.0D+00  3.8D-01  5.260D+00  2.090D+03
  338  364     0     0  con    0  1.0D+00  2.7D+00  3.874D+00  2.090D+03
  339  365     0     0  con    0  1.0D+00  9.0D-01  1.619D+00  2.090D+03
  340  366     0     0  con    0  1.0D+00  2.0D-01  1.054D+00  2.090D+03
  341  367     0     0  con    0  1.0D+00  6.1D-01  9.200D+00  2.090D+03
  342  368     0     0  con    0  1.0D+00  5.4D-01  3.105D+00  2.090D+03
  343  369     0     0  con    0  1.0D+00  3.9D-01  1.762D+00  2.090D+03
  344  370     0     0  con    0  1.0D+00  6.7D-01  3.186D+00  2.090D+03
  345  371     0     0  con    0  1.0D+00  4.4D-01  4.214D+00  2.090D+03
  346  372     0     0  con    0  1.0D+00  6.2D-01  6.404D+00  2.090D+03
  347  373     0     0  con    0  1.0D+00  3.2D-01  1.082D+01  2.090D+03
  348  374     0     0  con    0  1.0D+00  2.2D-01  1.340D+01  2.090D+03
  349  376     0     0  con    1  4.8D-01  1.9D+00  2.059D+01  2.089D+03
  350  377     0     0  con    0  1.0D+00  1.6D+00  1.187D+01  2.089D+03
  351  378     0     0  con    0  1.0D+00  3.5D+00  5.384D+00  2.089D+03
  352  379     0     0  con    0  1.0D+00  3.8D-01  7.689D+00  2.089D+03
  353  380     0     0  con    0  1.0D+00  1.0D+00  1.036D+01  2.089D+03
  354  382     0     0  con    1  4.0D-01  1.6D+00  2.858D+01  2.089D+03
  355  383     0     0  con    0  1.0D+00  1.2D+00  2.074D+01  2.089D+03
  356  384     0     0  con    0  1.0D+00  2.2D+00  7.908D+00  2.089D+03
  357  385     0     0  con    0  1.0D+00  8.1D-01  6.376D+00  2.089D+03
  358  386     0     0  con    0  1.0D+00  8.4D-01  5.276D+00  2.089D+03
  359  387     0     0  con    0  1.0D+00  1.8D+00  7.298D+00  2.089D+03
  360  388     0     0  con    0  1.0D+00  4.2D-01  3.506D+00  2.089D+03
  361  389     0     0  con    0  1.0D+00  2.9D-01  1.315D+00  2.089D+03
  362  390     0     0  con    0  1.0D+00  1.4D-01  1.206D+00  2.089D+03
  363  391     0     0  con    0  1.0D+00  8.0D-01  3.525D+00  2.089D+03
  364  392     0     0  con    0  1.0D+00  3.5D-01  1.863D+00  2.089D+03
  365  393     0     0  con    0  1.0D+00  8.4D-01  6.721D+00  2.089D+03
  366  394     0     0  con    0  1.0D+00  2.9D-01  9.197D+00  2.089D+03
  367  395     0     0  con    0  1.0D+00  4.6D-01  3.979D+00  2.089D+03
  368  396     0     0  con    0  1.0D+00  1.2D+00  3.347D+00  2.089D+03
  369  397     0     0  con    0  1.0D+00  1.5D+00  7.343D+00  2.089D+03
  370  398     0     0  con    0  1.0D+00  1.9D+00  8.035D+00  2.089D+03
  371  399     0     0  con    0  1.0D+00  2.6D+00  5.149D+00  2.089D+03
  372  401     0     0  con    1  5.1D-01  4.0D-01  4.098D+00  2.089D+03
  373  402     0     0  con    0  1.0D+00  2.8D-01  2.721D+00  2.089D+03
  374  403     0     0  con    0  1.0D+00  1.8D-01  1.135D+00  2.089D+03
  375  404     0     0  con    0  1.0D+00  2.1D-02  1.151D+00  2.089D+03
  376  405     0     0  con    0  1.0D+00  1.7D-01  1.901D+00  2.089D+03
  377  406     0     0  con    0  1.0D+00  1.2D-01  1.028D+00  2.089D+03
  378  407     0     0  con    0  1.0D+00  4.4D-01  2.982D+00  2.089D+03
  379  408     0     0  con    0  1.0D+00  1.6D-01  2.445D+00  2.089D+03
  380  409     0     0  con    0  1.0D+00  2.8D-02  1.785D+00  2.089D+03
  381  410     0     0  con    0  1.0D+00  2.4D-01  8.394D-01  2.089D+03
  382  411     0     0  con    0  1.0D+00  2.0D-01  6.556D-01  2.089D+03
  383  412     0     0  con    0  1.0D+00  3.1D-01  7.485D-01  2.089D+03
  384  414     0     0  con    1  4.8D-01  1.5D-01  1.053D+00  2.089D+03
  385  415     0     0  con    0  1.0D+00  1.7D-01  5.036D-01  2.089D+03
  386  416     0     0  con    0  1.0D+00  1.2D-02  1.703D-01  2.089D+03
  387  417     0     0  con    0  1.0D+00  1.5D-02  1.706D-01  2.089D+03
  388  418     0     0  con    0  1.0D+00  1.2D-02  2.164D-01  2.089D+03
  389  419     0     0  con    0  1.0D+00  2.5D-02  2.256D-01  2.089D+03
  390  420     0     0  con    0  1.0D+00  1.8D-02  1.200D+00  2.089D+03
  391  421     0     0  con    0  1.0D+00  4.0D-02  2.353D-01  2.089D+03
  392  422     0     0  con    0  1.0D+00  2.9D-02  4.813D-01  2.089D+03
  393  423     0     0  con    0  1.0D+00  4.9D-02  7.189D-01  2.089D+03
  394  424     0     0  con    0  1.0D+00  1.1D-01  8.914D-01  2.089D+03
  395  425     0     0  con    0  1.0D+00  2.2D-01  1.263D+00  2.089D+03
  396  427     0     0  con    1  4.1D-01  1.5D-01  9.002D-01  2.089D+03
  397  428     0     0  con    0  1.0D+00  1.9D-01  9.156D-01  2.089D+03
  398  429     0     0  con    0  1.0D+00  1.2D-01  3.065D-01  2.089D+03
  399  430     0     0  con    0  1.0D+00  6.9D-02  5.447D-01  2.089D+03
  400  431     0     0  con    0  1.0D+00  8.6D-02  8.127D-01  2.089D+03
  401  432     0     0  con    0  1.0D+00  2.2D-01  9.073D-01  2.089D+03
  402  433     0     0  con    0  1.0D+00  3.1D-01  7.943D-01  2.089D+03

STOP: TOTAL NO. of ITERATIONS EXCEEDS LIMIT                 

 Total User time 0.000E+00 seconds.

